105
2 2
1 1
195 99
1 99
202 100
9 3
6 2
236088977 100
4 3
6 3
96 99
1 10
2 4
146755893 1
4 8
4 4
443452894 88
800744567 72
2 5
1 31
98 100
98 99
417021999 1
1000000000 1
198 100
2 1
142120133 69
97 100
999999999 2
7 2
1 2
197 99
138 6
4 9
999999999 99
201 100
102 100
2 99
5 3
3 100
4 6
412538846 2
128124448 100
102 99
199 100
3 1
5 1
3 7
4 7
100 99
999999999 100
3 4
289629644 32
196 99
198 99
99 100
8 3
114382 1
2 3
1000000000 100
2 100
411787879 54
313273513 69
1000000000 99
3 99
201 99
783314473 84
1000000000 40
4 1
59243198 88
3 5
200 100
99 99
829603365 4
671654092 96
103 100
1000000000 2
1 100
692322617 52
999999999 3
1 3
4 2
200 99
7 3
999999999 1
5 2
670528042 10
997184809 100
100 100
1 73
1000000000 94
197550894 70
3 2
199 99
198101484 78
203 100
4 5
101 100
3 3
97 99
1000000000 3
197 100
101 99
3 6
670467508 92