10
7 2 2
4 1 5 7 2
3 2 3 4
5 1 2
3 1 2 3
3 1 4 5
5 1 1
5 1 2 3 4 5
5 4 1
5 1 2 3 4 5
5 1 1
5 3 4 5 1 2
2 1 1
2 2 1
10 1 28
2 8 9
2 9 6
2 5 7
2 4 5
2 9 1
2 3 4
2 8 9
2 5 6
2 10 9
2 4 1
2 1 4
2 10 8
2 9 10
2 8 9
2 6 8
2 2 8
2 6 2
2 10 8
2 2 5
2 3 2
2 8 5
2 6 2
2 4 7
2 7 3
2 4 10
2 7 5
2 7 5
2 7 1
10 3 1
7 1 9 6 5 4 2 3
100 1 179
2 76 32
2 37 33
2 4 44
2 99 96
2 66 21
2 17 100
2 59 26
2 47 48
2 63 16
2 12 68
2 32 14
2 20 95
2 67 83
2 10 63
2 68 10
2 98 88
2 51 98
2 61 46
2 2 4
2 29 98
2 36 30
2 12 69
2 89 42
2 7 22
2 57 87
2 51 53
2 10 93
2 9 93
2 32 1
2 85 14
2 72 85
2 27 19
2 59 56
2 17 83
2 1 15
2 57 28
2 74 29
2 44 25
2 58 40
2 90 58
2 23 90
2 69 45
2 85 98
2 12 30
2 82 42
2 68 89
2 59 32
2 97 70
2 73 66
2 54 96
2 65 40
2 62 61
2 2 48
2 72 67
2 30 39
2 75 43
2 14 11
2 10 57
2 60 56
2 4 66
2 66 33
2 23 90
2 37 10
2 99 90
2 81 54
2 45 11
2 92 36
2 47 100
2 15 91
2 4 17
2 62 17
2 78 85
2 81 42
2 14 41
2 7 99
2 38 46
2 73 6
2 37 98
2 86 24
2 77 36
2 73 75
2 34 53
2 6 34
2 18 2
2 80 47
2 88 35
2 93 61
2 60 4
2 17 51
2 6 58
2 24 100
2 27 62
2 54 87
2 76 74
2 32 56
2 22 21
2 19 22
2 57 74
2 50 98
2 69 26
2 6 44
2 32 89
2 98 38
2 18 55
2 86 7
2 68 48
2 68 54
2 90 72
2 47 22
2 67 91
2 14 3
2 76 89
2 91 39
2 59 33
2 52 63
2 88 32
2 43 80
2 19 68
2 46 69
2 22 79
2 23 74
2 26 32
2 96 52
2 3 72
2 16 43
2 38 65
2 22 28
2 59 81
2 75 12
2 52 28
2 18 72
2 40 47
2 85 19
2 15 17
2 13 36
2 95 4
2 75 10
2 22 9
2 56 74
2 5 97
2 30 29
2 68 11
2 2 56
2 1 67
2 79 99
2 71 59
2 7 52
2 59 98
2 88 61
2 22 97
2 24 88
2 50 95
2 80 49
2 71 88
2 30 85
2 20 62
2 2 98
2 87 15
2 99 48
2 50 1
2 27 37
2 14 43
2 30 19
2 52 13
2 99 10
2 87 57
2 35 97
2 91 42
2 36 34
2 9 31
2 78 24
2 14 33
2 96 73
2 2 54
2 31 15
2 8 26
2 68 82
2 44 43
2 56 83
100 26 10
73 77 38 51 94 95 76 13 74 17 35 23 85 88 25 39 5 37 100 56 66 82 79 96 8 30 68 71 3 33 86 83 90 40 41 53 19 98 47 72 28 36 91 62 21 80 59 52 26 63 24 48 61 44 54 1 32 60 12 78 50 42 46 64 34 7 84 9 14 29 97 15 55 81
50 8 47 52 89 31 49 58 42 96 18 65 48 4 79 44 56 16 54 15 69 28 13 33 40 19 91 55 10 46 92 9 81 73 88 43 70 59 72 76 3 64 74 25 77 17 1 80 24 51 60
96 40 73 41 46 29 52 66 63 89 99 26 100 49 17 77 16 88 18 59 45 78 47 35 65 69 34 19 71 38 67 62 5 81 98 96 14 3 51 4 75 92 82 84 15 83 2 56 22 44 12 68 10 58 54 43 91 48 24 72 87 30 27 80 23 42 60 79 76 20 31 9 61 57 37 7 39 74 90 85 13 25 21 53 70 97 94 36 93 28 33 6 55 11 86 8 64
46 6 33 9 24 62 84 4 53 2 52 43 65 7 55 26 23 59 78 14 38 50 12 99 25 98 100 5 41 32 17 64 81 37 79 29 8 69 67 39 93 86 56 83 71 74 42
46 37 97 83 93 40 5 74 24 45 35 94 82 26 99 39 70 91 90 30 13 100 25 23 11 49 96 36 69 6 92 12 89 64 28 14 38 33 75 80 18 51 31 84 56 95 21
45 55 87 52 95 35 76 3 70 15 97 14 100 71 46 8 62 30 68 16 45 42 38 61 11 39 90 2 98 28 60 26 22 41 58 56 25 89 51 32 53 63 34 33 93 17
3 91 26 33
10 89 11 52 35 75 39 69 54 63 95
9 90 21 68 35 64 55 88 28 15
2 86 4
