15
3
3 1 2
0 1 2
4
5 5 5 5
0 2 3 0
5
2 4 1 7 3
0 0 0 0 0
6
5 2 6 1 4 3
0 2 0 3 1 4
8
7 1 8 2 9 3 10 4
0 1 2 2 3 1 4 5
10
1 1 1 100 100 100 100 100 100 100
0 0 0 0 3 3 3 3 3 3
10
10 10 1 1 1 1 1 1 1 1
0 2 0 0 0 0 0 0 0 3
10
5 1 9 2 8 3 7 4 6 10
0 0 0 0 0 0 0 0 0 0
10
1 100 1 100 1 100 100 100 100 100
0 0 0 0 3 3 3 3 3 3
12
5 4 3 2 1 2 3 4 5 6 7 8
0 1 2 1 3 1 3 1 2 1 3 0
15
3 8 2 7 1 9 4 6 5 10 2 8 3 7 1
0 1 2 3 4 5 6 7 8 9 10 10 10 10 10
20
1 1 1 1 1 50 50 50 50 50 1 1 1 1 1 50 50 50 50 50
0 0 0 0 3 0 0 0 0 0 0 0 0 0 3 0 0 0 0 0
25
7 2 9 4 8 3 6 5 1 10 2 9 4 7 3 8 6 5 2 9 4 7 3 8 6
0 1 0 2 0 3 0 4 0 5 1 2 3 4 5 2 3 4 5 3 4 5 4 5 5
30
1 2 3 4 5 6 7 8 9 10 11 12 13 14 15 16 17 18 19 20 21 22 23 24 25 26 27 28 29 30
0 1 1 2 2 3 3 4 4 5 5 6 6 7 7 8 8 9 9 10 10 11 11 12 12 13 13 14 14 15
14
9 1 8 2 7 3 6 4 5 10 2 9 4 7
0 0 1 2 1 3 2 4 1 5 3 4 2 5
