10
6
1 2
1 3
2 4
2 5
3 6
5
1 2
1 3
1 4
1 5
2
1 2
10
1 5
5 2
6 7
9 7
3 4
2 4
2 8
10 3
7 2
15
6 8
2 1
11 4
1 10
9 5
2 6
6 13
13 11
6 15
2 9
14 3
15 14
2 12
2 7
18
3 16
1 9
14 3
10 2
4 18
7 13
16 17
13 4
17 11
7 14
16 5
12 7
10 1
2 8
17 6
6 15
14 10
20
10 7
14 2
20 16
14 12
10 4
10 20
20 19
10 11
4 9
10 13
13 5
18 17
3 14
20 6
7 18
10 1
7 15
10 3
10 8
20
9 4
9 8
9 1
9 14
9 3
9 12
9 5
9 18
9 7
9 6
9 11
9 17
9 2
9 16
9 10
9 13
9 20
9 19
9 15
22
17 14
7 17
15 4
13 20
3 13
2 21
9 10
10 22
22 1
18 2
16 5
12 19
4 16
21 9
14 8
20 15
19 11
11 6
6 7
8 18
5 12
1000
797 798
940 472
200 521
980 349
434 575
230 519
742 859
831 848
439 104
511 722
749 478
3 47
14 149
967 401
193 109
136 294
622 475
198 372
972 137
729 897
995 588
998 619
481 108
774 624
348 430
415 59
480 348
463 775
901 71
356 480
890 664
348 172
394 869
729 999
261 929
390 793
574 991
960 903
90 484
704 407
986 861
701 21
484 634
958 174
407 446
563 240
843 390
708 225
850 967
215 744
526 809
663 814
544 231
307 719
645 279
514 877
582 352
480 517
896 558
397 435
773 855
318 529
545 455
348 62
774 301
622 441
15 938
520 721
917 95
715 160
430 432
289 194
639 549
106 762
356 849
426 610
210 443
250 773
908 526
952 107
965 282
401 40
541 437
496 274
48 631
373 698
398 291
627 556
902 222
455 248
266 836
558 820
645 843
433 803
488 984
327 875
98 53
335 927
759 444
1000 75
390 490
443 60
960 995
125 547
568 325
755 188
836 602
725 727
318 749
13 474
554 79
332 596
108 451
786 208
139 132
11 608
486 346
266 239
516 976
518 139
720 838
216 917
363 335
370 110
78 893
836 840
729 273
1000 87
356 518
230 184
405 533
856 758
211 355
556 224
338 119
144 417
867 465
90 379
578 613
577 683
978 736
500 828
882 873
564 534
895 627
319 554
219 374
481 150
144 759
845 708
808 943
90 16
650 413
88 672
475 316
383 679
955 412
677 513
116 926
169 391
690 516
949 660
45 603
137 506
504 277
8 907
130 290
710 857
794 353
825 402
474 950
960 28
223 691
59 978
542 161
856 685
269 380
540 559
106 725
527 693
125 651
8 584
673 874
771 829
374 46
482 337
264 609
998 326
227 799
708 130
900 528
6 456
538 552
661 271
102 151
937 642
720 382
45 499
963 330
341 80
756 376
150 862
770 10
756 202
852 954
771 782
8 116
542 138
109 434
902 15
684 605
319 481
690 343
620 84
960 904
3 684
417 134
781 981
740 206
319 562
407 173
824 340
58 827
958 483
34 166
239 320
468 117
705 424
315 615
568 535
392 409
958 111
930 488
421 884
663 338
216 972
319 361
810 774
901 880
102 682
998 284
770 989
138 755
254 56
868 560
428 695
24 19
430 363
13 544
22 507
503 421
103 912
622 244
397 462
925 495
59 406
798 623
461 442
481 770
230 461
480 941
823 600
532 162
481 318
153 731
893 656
107 350
325 332
307 302
592 752
873 165
235 872
24 946
202 120
311 673
486 44
217 571
481 48
843 574
845 794
119 168
564 226
678 813
361 901
383 371
22 597
417 882
128 681
715 288
456 826
77 932
900 732
353 511
176 378
18 971
54 858
563 537
407 140
863 178
559 900
392 617
887 41
639 546
662 400
430 919
940 78
428 742
178 482
546 392
769 585
483 126
984 728
803 269
679 878
707 190
532 906
969 928
963 470
655 710
532 538
933 881
337 825
131 69
649 113
921 643
463 458
774 730
541 105
319 176
510 694
711 716
603 264
370 418
285 124
178 368
963 370
568 896
822 756
917 621
127 931
908 997
480 541
195 449
101 210
445 841
945 367
222 879
347 265
746 501
955 405
216 889
293 399
823 712
546 66
328 953
226 963
319 568
972 599
499 845
327 74
717 428
887 626
260 589
946 890
609 187
212 275
522 743
393 505
176 305
715 964
254 228
313 433
793 201
106 278
419 502
430 313
216 272
408 411
941 831
217 856
211 720
943 697
49 766
863 701
97 586
792 796
142 633
185 85
153 990
328 96
810 293
577 638
449 49
250 930
252 545
652 781
150 860
911 577
941 704
849 306
242 147
147 246
548 22
645 514
153 127
554 940
863 786
902 958
721 726
158 26
895 891
333 570
733 425
250 563
169 637
482 309
435 122
255 647
410 696
946 498
475 920
821 924
259 457
788 68
412 536
543 200
168 317
932 20
572 11
82 427
128 315
540 270
759 179
476 454
937 905
534 885
940 61
74 636
399 196
559 783
368 92
137 237
410 366
582 106
336 27
45 242
569 974
816 491
738 76
101 52
986 641
616 650
333 241
568 510
908 686
802 988
42 180
17 215
524 980
996 508
574 232
387 676
757 913
216 800
240 654
530 947
645 630
399 515
631 175
564 539
902 655
568 170
480 497
945 824
109 854
400 389
603 329
554 645
318 243
348 415
218 606
311 357
400 129
845 969
520 98
293 136
240 737
266 966
289 658
445 591
599 965
136 948
749 837
98 902
807 102
332 909
346 789
90 951
34 594
520 918
318 493
451 477
226 249
582 923
411 452
717 77
505 671
887 583
908 620
709 911
388 649
98 123
965 979
822 612
911 960
59 765
559 509
755 607
142 419
390 942
331 977
147 438
415 486
499 887
934 751
941 118
684 525
109 323
994 777
289 707
996 648
958 219
103 128
250 311
176 768
618 416
136 847
610 377
200 714
260 310
747 566
307 987
823 715
978 286
563 959
394 297
285 300
399 998
274 888
361 795
24 373
647 916
153 303
266 741
906 675
892 703
112 894
468 740
564 198
134 553
89 381
757 235
439 31
488 142
217 91
754 267
348 886
294 450
98 677
387 257
568 661
724 328
377 771
319 678
951 304
226 657
807 97
793 753
958 216
30 259
402 183
554 968
22 850
210 767
239 81
279 152
517 445
770 876
103 982
287 662
108 255
173 674
942 961
503 230
16 524
196 530
620 830
722 314
740 360
902 193
178 185
342 212
156 555
181 485
169 780
272 659
397 86
660 598
189 90
198 23
559 73
241 550
218 898
792 213
722 993
636 705
510 910
537 234
438 785
750 148
80 604
179 949
410 153
757 522
813 42
336 811
897 933
45 388
708 572
559 939
908 203
94 883
503 423
677 308
998 396
366 245
707 155
11 448
645 807
363 844
158 788
249 817
868 227
724 921
116 7
510 866
235 739
78 665
822 578
563 688
319 839
700 832
754 791
582 341
833 50
242 397
906 36
662 702
986 557
831 333
243 496
350 93
371 835
34 687
480 870
218 863
939 865
846 466
986 581
319 356
359 706
712 247
786 668
821 957
444 823
337 72
696 159
843 45
582 834
171 387
195 324
563 764
299 802
444 211
153 14
721 639
757 754
222 760
568 724
514 670
311 542
79 531
311 853
578 1000
451 6
226 746
542 565
582 287
221 473
596 895
680 787
227 197
385 790
734 784
940 842
786 956
753 229
814 54
639 945
79 268
952 745
836 34
852 39
202 220
102 285
845 112
954 205
463 487
960 667
59 103
216 463
990 459
307 83
757 792
845 189
158 403
429 628
328 922
935 177
729 408
534 218
800 779
103 632
64 133
994 644
150 8
241 221
548 867
801 692
153 635
392 625
800 223
171 393
279 33
864 431
843 805
287 504
399 561
325 503
554 29
299 816
712 492
30 567
711 283
794 375
795 344
774 822
428 690
48 146
417 238
289 144
109 207
663 354
190 592
109 601
690 358
524 182
503 729
779 512
470 384
242 616
237 618
792 307
870 593
791 256
677 985
512 121
477 669
510 342
348 955
247 145
1000 70
230 295
356 852
896 699
520 810
371 935
870 582
707 821
468 500
319 17
399 812
520 806
363 214
337 663
520 564
546 254
691 983
449 362
917 469
230 312
758 646
101 629
144 101
388 13
923 453
843 296
810 158
319 520
986 548
949 82
483 125
16 994
263 143
289 204
879 611
817 365
701 622
701 815
156 1
948 527
530 299
667 579
103 757
61 55
209 186
239 250
246 35
786 944
45 986
403 57
976 404
250 154
934 58
191 181
356 280
176 217
101 543
534 819
422 436
127 252
408 925
798 65
16 689
712 851
320 131
90 447
710 3
823 94
798 18
640 587
614 713
578 37
132 489
711 540
790 253
625 936
247 494
955 334
480 394
662 233
639 476
367 804
343 590
283 846
110 2
488 899
886 952
568 908
272 797
749 772
665 653
734 135
994 141
418 169
482 747
609 322
790 723
902 934
676 199
459 763
563 614
79 9
428 262
562 992
200 833
758 67
644 429
266 30
520 717
860 973
195 733
317 440
399 5
483 351
730 251
702 321
307 892
871 339
361 289
623 595
426 915
480 385
823 89
79 410
463 258
780 422
960 439
98 171
749 414
288 718
569 63
808 573
289 195
614 88
373 398
698 383
647 652
418 281
296 163
791 276
387 464
189 937
325 364
493 761
564 962
330 479
82 292
843 100
756 996
667 576
758 156
90 386
480 471
941 51
418 395
859 192
479 778
342 871
995 467
934 532
794 359
273 43
750 38
914 369
480 157
932 738
370 261
805 191
655 468
554 735
794 167
2 750
693 12
526 331
682 914
129 4
567 347
216 734
691 748
756 420
412 569
810 711
882 580
397 24
388 260
242 209
966 523
562 680
941 298
731 345
585 551
514 709
429 818
106 114
34 32
685 801
95 25
709 99
580 64
15 769
293 864
176 426
461 115
446 460
176 640
958 666
721 808
95 263
162 975
931 164
181 868
245 700
690 776
655 336
840 236
587 970
319 266
795 327
