Case #1: 23 8 1 0 0 0
Case #2: 14 2 0 0 0
Case #3: 1 0
Case #4: 79 24 10 2 4 0 0 0 0 0
Case #5: 222 52 26 12 12 2 4 0 0 0 0 0 0 0 0
Case #6: 403 100 56 23 14 18 1 5 7 0 0 0 0 0 0 0 0 0
Case #7: 385 90 38 27 14 14 3 3 4 1 0 0 0 0 0 0 0 0 0 0
Case #8: 240 62 18 18 10 6 2 2 1 2 0 0 0 0 0 0 0 0 0 0
Case #9: 1141 319 161 45 37 16 12 9 3 17 11 0 0 0 0 0 0 0 0 0 0 0
Case #10: 3262220 807985 355454 209236 130851 84469 66082 52185 36649 29773 27415 22047 19930 15422 13354 13318 10929 9057 9278 8389 7796 6771 6502 5918 5677 5381 3959 4258 3624 3061 3224 3607 3169 2513 2433 2345 2492 2583 2176 2209 1788 1694 1582 1654 1627 1758 1621 1266 1306 1509 1198 1358 1030 889 1283 1102 924 990 887 851 823 694 764 848 755 766 671 599 646 603 601 723 620 515 720 692 379 497 440 455 382 410 536 475 511 383 444 459 501 386 341 448 325 314 355 313 326 284 333 340 233 221 264 318 251 235 231 193 333 301 312 255 249 231 233 205 185 235 279 220 241 232 249 197 226 153 190 158 169 138 154 192 172 182 147 159 180 175 149 205 241 168 183 104 134 101 111 128 128 121 135 131 92 88 117 118 123 111 72 105 117 89 123 119 144 109 124 116 115 70 66 72 104 71 103 71 113 90 87 86 91 100 99 112 103 77 133 82 75 110 91 90 109 74 90 124 87 88 122 107 59 43 52 46 51 58 43 61 52 42 69 41 42 57 26 46 47 64 45 72 70 43 68 67 65 40 62 61 57 54 61 43 50 63 56 51 49 48 32 52 59 36 43 61 43 64 50 48 58 53 38 34 34 34 22 40 26 24 32 28 38 38 36 42 26 22 34 30 34 6 20 40 24 30 42 42 20 28 20 26 22 26 28 18 32 54 24 40 28 36 40 28 24 36 28 30 28 32 40 38 28 42 28 42 8 18 34 30 46 28 34 30 36 34 30 40 48 20 24 22 42 34 36 32 32 34 32 28 38 34 42 38 30 12 10 12 15 13 6 8 10 10 8 8 10 12 7 7 13 13 13 5 3 17 12 8 12 7 17 14 11 7 8 10 8 11 9 14 12 9 15 7 12 7 16 12 12 7 13 14 14 13 16 8 5 13 5 10 15 12 14 10 8 7 11 14 5 18 10 13 18 14 4 8 7 11 15 13 19 7 10 10 14 11 8 17 9 8 15 9 7 15 9 12 13 4 14 6 24 7 8 9 9 13 10 19 10 10 15 17 13 5 10 11 13 12 5 12 9 8 6 14 12 7 11 12 10 12 8 16 7 12 11 13 12 8 12 10 6 7 8 10 16 12 16 9 7 11 8 8 4 15 7 9 11 11 14 11 9 10 16 14 8 18 12 6 13 15 10 10 0 0 0 0 0 0 0 0 0 0 0 0 0 0 0 0 0 0 0 0 0 0 0 0 0 0 0 0 0 0 0 0 0 0 0 0 0 0 0 0 0 0 0 0 0 0 0 0 0 0 0 0 0 0 0 0 0 0 0 0 0 0 0 0 0 0 0 0 0 0 0 0 0 0 0 0 0 0 0 0 0 0 0 0 0 0 0 0 0 0 0 0 0 0 0 0 0 0 0 0 0 0 0 0 0 0 0 0 0 0 0 0 0 0 0 0 0 0 0 0 0 0 0 0 0 0 0 0 0 0 0 0 0 0 0 0 0 0 0 0 0 0 0 0 0 0 0 0 0 0 0 0 0 0 0 0 0 0 0 0 0 0 0 0 0 0 0 0 0 0 0 0 0 0 0 0 0 0 0 0 0 0 0 0 0 0 0 0 0 0 0 0 0 0 0 0 0 0 0 0 0 0 0 0 0 0 0 0 0 0 0 0 0 0 0 0 0 0 0 0 0 0 0 0 0 0 0 0 0 0 0 0 0 0 0 0 0 0 0 0 0 0 0 0 0 0 0 0 0 0 0 0 0 0 0 0 0 0 0 0 0 0 0 0 0 0 0 0 0 0 0 0 0 0 0 0 0 0 0 0 0 0 0 0 0 0 0 0 0 0 0 0 0 0 0 0 0 0 0 0 0 0 0 0 0 0 0 0 0 0 0 0 0 0 0 0 0 0 0 0 0 0 0 0 0 0 0 0 0 0 0 0 0 0 0 0 0 0 0 0 0 0 0 0 0 0 0 0 0 0 0 0 0 0 0 0 0 0 0 0 0 0 0 0 0 0 0 0 0 0 0 0 0 0 0 0 0 0 0 0 0 0 0 0 0 0 0 0 0 0 0 0 0 0 0 0 0 0 0 0 0 0 0 0 0 0 0 0 0 0 0 0 0 0 0 0 0 0 0 0 0 0 0 0 0 0 0 0 0 0 0 0 0 0 0 0 0 0 0 0 0 0 0 0 0 0 0 0 0 0 0 0 0 0 0 0 0 0 0 0 0 0 0 0 0 0 0 0 0 0 0 0 0 0 0 0 0 0 0 0 0 0 0 0 0 0 0 0 0 0 0 0 0 0 0 0 0 0 0 0
